12 24 14400 4 0 0.8

0 1 2 450 1200 M 10
1 2 2 380 950 O 10
2 3 2 520 1800 M 20
3 4 2 410 1100 O 20
4 5 2 600 2200 M 30
5 0 2 300 0 C 0
1 6 2 470 1400 O 20
6 7 2 350 0 C 0
7 2 2 440 1300 M 20
2 8 1 280 0 C 0
8 9 2 390 1000 O 10
9 5 2 510 1700 M 30
0 10 2 320 0 C 0
10 11 2 480 1500 O 30
11 4 2 560 2100 M 30
6 10 2 430 1200 O 20
7 11 1 370 900 O 10
8 4 2 460 0 C 0
3 9 2 340 800 O 10
1 8 2 540 1600 M 20
5 10 2 290 0 C 0
6 9 1 400 1100 O 20
2 11 2 620 2400 M 30
7 5 2 310 0 C 0

S M L L