12
87
0 90 133 191 26 180 158 54 141 24 167 20 155 114 125 65 199 109 173 65 52 138 98 76 160 4 5 120 25 151 150 186 88 133 99 105 139 175 51 57 80 23 189 168 64 117 86 101 170 76 42 103 95 134 156 36 111 47 37 165 55 109 11 147 186 112 170 76 43 185 48 34 10 49 171 95 103 33 185 143 185 43 46 10 49 10 83 0
396 1123 660 410 465 264 24 448 1013 1115 121 861 1136 345 581 209 1067 718 1048 1189 771 440 317 1193 853 1057 884 185 1184 994 508 1073 462 32 54 177 193 281 282 370 600 751 777 833 871 880 885 993 1079 1141
71
0 83 106 185 48 177 137 12 128 131 16 112 170 76 43 46 85 27 2 14 163 72 98 24 91 88 171 49 10 151 97 41 104 92 125 72 98 70 197 74 177 22 187 101 156 93 188 3 162 184 68 94 140 173 198 124 126 178 54 57 119 101 65 199 165 97 191 107 25 58 83 0
445 405 1194 898 1122 1042 83 64 509 882 1005 1032 735 1096 964 800 803 1029 364 825 594 765 1129 423 72 131 395 663 856 957 1160
99
0 90 133 191 107 196 104 102 162 92 192 193 192 95 190 70 30 39 115 164 9 64 117 86 16 151 10 111 47 37 25 114 105 99 133 191 26 109 134 40 159 61 177 191 133 50 136 173 198 44 195 124 92 192 8 174 147 43 46 193 129 31 6 86 43 186 112 170 76 43 185 39 75 32 179 199 130 29 19 178 126 44 189 111 47 37 183 18 176 77 8 174 51 169 35 29 111 10 83 0
1188 715 306 811 291 592 530 764 280 1185 965 1170 240 413 141 900 870 642 538 640 230 591 418 923 82 236 1149 35 101 154 180 226 262 326 340 366 419 497 534 535 619 643 763 977 1001 1045 1104 1192
102
0 83 188 93 177 137 13 41 194 9 69 29 130 29 69 66 52 184 159 55 130 21 144 16 93 188 53 18 183 101 30 111 163 72 98 70 161 151 10 49 161 142 190 171 95 11 140 43 185 42 103 7 23 190 171 49 161 142 135 142 161 47 142 174 51 57 144 63 36 43 46 78 187 128 72 53 181 182 44 122 165 37 47 197 113 53 181 107 105 139 13 137 177 22 187 108 187 128 47 111 10 83 0
513 139 169 697 40 1062 417 1095 1102 313 672 221 79 895 289 796 342 559 639 872 155 487 234 932 1036 982 831 524 729 393 207 1055 778 85 88 104 133 145 160 199 283 407 617 996 1012 1143
86
0 90 133 99 105 155 24 73 14 130 121 156 117 110 172 156 153 72 97 159 61 177 137 13 127 123 72 98 70 197 113 178 180 158 168 64 145 109 134 77 138 43 185 48 177 42 31 6 134 164 9 69 136 173 15 148 15 179 94 140 173 158 54 123 121 130 29 111 47 37 183 2 27 82 34 113 53 115 29 111 10 49 171 49 10 83 0
91 130 1041 949 846 997 868 646 1038 723 1061 1130 781 578 582 307 595 371 634 1022 786 782 1150 194 318 638 517 244 380 1144 287 1082 585 789
77
0 83 188 3 162 184 195 124 51 96 192 56 111 174 8 77 56 6 33 8 91 24 91 160 86 40 62 132 108 54 158 79 182 27 82 181 107 196 166 162 184 68 157 51 6 31 42 87 121 130 29 35 15 173 198 124 198 1 44 126 84 58 167 100 150 186 90 144 63 159 184 28 60 161 49 10 83 0
655 692 376 463 680 44 577 728 754 601 263 801 115 430 707 695 421 902 952 970 827 684 834 300 65 919 1137 166 278 814 1016
105
0 90 123 54 158 180 14 165 37 47 111 10 87 49 10 83 17 162 3 188 93 132 145 184 52 154 37 47 111 62 132 93 188 152 184 153 170 76 176 22 21 144 90 133 191 107 196 84 58 83 0 61 122 10 83 17 63 144 90 122 171 49 10 111 47 50 30 111 10 83 194 75 47 111 10 83 0 90 11 90 133 191 30 111 10 83 0 83 194 111 47 37 183 18 97 191 133 99 105 155 20 155 21 144 90 0
737 805 758 1054 472 818 286 515 1085 290 1003 379 456 614 218 955 485 1101 424 971 563 216 428 933 755 558 1053 106 222 294 389 784 797 963 1084
88
0 83 188 7 103 42 53 181 107 25 114 134 40 155 20 165 97 163 116 101 65 57 80 178 126 139 13 127 178 167 183 18 97 41 194 9 7 103 42 28 60 161 142 174 51 135 142 174 8 77 8 174 48 66 11 59 144 164 9 69 70 197 12 128 47 111 124 92 5 30 109 134 95 117 86 43 115 164 9 23 190 171 49 174 47 111 10 83 0
804 62 768 746 1159 416 951 1075 259 434 478 798 232 454 974 200 148 726 350 956 1148 452 400 241 912 1117 331 928 365 437 1165 659 961
88
0 90 133 99 105 139 71 139 105 155 114 98 76 43 117 86 160 91 118 116 95 103 7 34 21 144 65 101 156 162 92 192 193 139 105 99 133 191 26 109 38 126 66 67 77 176 54 141 52 184 68 178 111 10 148 15 173 198 8 77 186 112 116 163 195 126 60 161 55 151 181 107 56 163 72 98 70 197 74 129 31 193 165 23 135 144 63 83 0
710 498 75 914 354 269 469 966 1074 690 361 893 1058 333 969 1147 678 1098 422 998 887 837 629 878 1113 47 80 576 446 939 1002 451 1081 976 453 172 302 562 1083
90
0 83 194 75 38 130 121 128 47 37 78 187 146 79 146 6 21 144 63 8 91 164 9 115 164 9 7 92 124 168 91 160 4 166 32 75 16 75 32 168 64 145 180 158 180 159 27 82 187 80 62 89 28 60 161 142 174 51 169 154 37 47 111 189 23 164 35 15 173 132 108 179 44 169 20 45 3 162 102 40 102 14 130 29 111 174 47 111 10 83 0
1169 256 812 170 245 323 917 92 338 45 650 11 95 1109 775 392 33 654 627 258 214 1161 624 71 625 42 752 780 277 153 10 140 299 409 767 1060 1111
112
0 83 188 152 197 113 143 39 185 42 4 58 84 159 184 28 60 161 142 174 48 98 76 43 185 42 103 176 84 58 167 100 110 100 14 130 29 35 90 133 99 105 81 99 133 191 133 32 179 199 109 197 113 53 181 107 105 81 105 99 133 52 180 26 191 133 36 85 152 188 93 62 132 93 188 3 161 49 10 83 58 165 37 47 111 10 83 106 45 42 31 5 90 0 31 37 47 111 10 83 0 83 188 152 153 92 124 190 171 49 10 83 0
568 570 188 468 81 271 890 459 972 744 182 876 773 653 1014 1009 605 483 175 383 479 584 8 98 6 22 785 360 580 583 593 1088 667 189 1059
88
0 145 132 99 133 191 107 153 92 58 167 100 194 130 29 35 71 190 23 189 7 87 42 31 129 170 48 189 111 47 37 180 14 2 151 10 46 43 185 67 66 152 50 147 98 76 170 194 111 10 45 3 188 53 181 182 46 10 49 155 105 107 181 3 162 106 185 43 188 3 162 102 167 58 83 0 90 133 191 26 180 159 61 122 171 49 10 83 0
330 665 940 732 611 1153 832 676 489 1011 1044 701 359 658 983 162 93 554 192 1168 1174 936 351 632 921 616 250 947 1039
